4
26
17
18
12
10
10
15
18
7
22
19
24
14
6
9
2
26
9
3
8
1
9
20
19
7
13
1
9
6
20
10
13
11
27
4
2
17
2
16
17
8
18
6
3
19
14
24
3
1
27
9
0
11
20
26
16
1
23
1
11
3
27
5
17
18
25
11
10
9
7
13
21
21
10
25
5
11
10
0
4
17
3
24
1
22
23
6
9
5
20
25
25
5
13
2
0
26
11
0
2
7
7
5
0
23
8
1
1
23
12
13
0
12
22
2
12
3
17
18
4
19
13
11
15
9
8
0
8
16
10
22
23
3
19
9
1
17
11
21
3
0
25
21
7
13
17
15
2
27
4
15
19
13
20
6
12
15
21
5
6
3
27
4
22
0
4
9
11
7
21
14
8
23
22
5
6
24
25
17
25
18
16
8
27
24
11
16
2
20
23
14
26
6
5
6
15
21
13
7
12
4
5
16
20
8
23
19
24
0
2
7
20
1
14
10
13
12
15
6
1
26
12
14
18
16
4
14
10
4
8
2
0
2
18
22
25
25
21
8
27
26
7
5
19
0
26
23
3
10
