37
9
17
37
18
35
1
3
39
17
42
11
15
37
38
24
38
7
20
13
22
0
36
17
23
3
32
30
30
27
14
41
5
21
29
16
47
45
32
23
33
2
14
16
19
26
11
36
29
9
23
27
45
35
24
10
22
7
13
25
47
5
5
5
20
25
13
37
10
9
36
3
28
43
21
28
4
40
22
34
43
46
18
10
36
10
21
3
40
14
22
4
31
27
18
6
16
0
34
12
45
44
31
37
31
2
32
20
8
25
14
14
25
27
23
24
39
19
9
26
0
2
35
4
6
5
8
17
5
38
5
14
19
29
25
47
23
25
30
44
34
4
41
45
25
31
14
6
16
12
13
2
16
0
45
28
28
21
41
36
24
2
18
26
37
38
1
31
25
14
3
9
28
9
1
23
12
29
47
27
5
13
5
22
39
39
46
38
8
24
34
0
28
28
42
20
3
9
18
23
46
8
10
0
4
2
38
22
0
44
30
9
1
39
6
14
5
26
9
1
43
42
26
9
33
4
33
3
19
8
15
11
15
16
29
6
2
27
17
19
4
2
15
27
30
44
35
11
33
40
42
42
13
35
10
11
9
1
12
20
24
31
38
36
7
0
45
10
17
41
22
41
10
2
27
17
35
34
4
35
8
40
15
22
32
3
47
1
7
3
43
0
27
46
25
41
14
26
45
43
19
41
32
3
35
36
1
6
31
43
33
11
28
28
37
24
36
29
8
2
46
24
31
45
21
37
20
20
32
15
11
1
4
47
43
40
39
6
2
47
13
2
21
38
23
33
23
25
22
19
11
40
10
21
34
13
44
14
17
0
10
24
46
41
16
7
33
30
23
17
33
24
18
8
26
34
5
12
30
17
8
7
14
18
34
20
15
31
1
29
26
20
1
11
4
19
17
47
40
12
20
13
4
15
8
16
42
0
26
29
6
6
32
46
12
3
35
39
29
7
18
22
16
7
3
45
7
18
19
32
38
4
15
32
12
18
30
2
6
31
21
13
18
0
42
21
20
26
42
19
46
26
19
33
11
12
0
24
12
4
8
41
15
20
5
39
16
34
13
7
11
30
12
8
11
1
25
23
7
21
43
37
9
27
1
6
30
29
32
13
15
22
12
10
40
7
39
43
21
10
