4
15
15
16
4
16
4
2
3
15
19
9
18
6
19
10
5
2
14
9
19
3
12
5
1
17
2
17
19
14
16
14
18
15
2
13
18
19
13
1
8
2
3
3
4
3
11
11
4
4
14
2
2
1
17
1
6
18
15
17
10
7
17
15
5
19
4
1
5
15
8
3
9
11
10
7
18
18
4
19
1
9
6
6
2
14
6
16
9
11
6
0
6
15
2
17
11
11
1
16
16
19
6
16
6
3
17
14
0
10
11
13
17
8
4
12
12
6
8
4
5
18
13
6
6
6
2
12
3
11
14
6
5
10
3
0
6
9
19
2
2
18
2
18
11
14
7
3
3
4
1
17
1
17
3
1
16
6
11
11
16
19
4
8
18
9
8
10
6
18
18
12
12
4
6
2
5
17
4
13
2
13
4
6
14
9
11
11
9
15
11
10
3
13
9
15
9
0
8
13
9
0
18
8
9
7
16
16
8
17
12
17
3
8
18
2
12
17
18
15
1
12
19
7
2
4
17
18
4
10
16
0
0
5
13
3
13
18
3
3
17
0
14
13
12
5
7
12
10
14
14
8
0
6
17
14
5
9
8
0
18
15
11
8
16
7
1
2
0
0
13
19
7
8
16
12
9
2
11
14
9
0
2
11
10
2
8
17
15
2
6
10
7
10
13
5
0
8
18
13
3
5
8
13
8
13
13
1
10
13
10
18
2
14
16
9
7
12
12
1
0
3
9
16
8
3
8
9
0
10
8
16
14
18
2
6
9
18
16
12
16
1
2
0
16
4
4
9
1
5
14
2
8
13
9
11
5
7
15
5
15
19
12
11
14
16
1
14
15
17
7
5
7
0
19
13
5
5
18
13
1
10
4
1
7
18
3
12
3
5
16
1
5
15
4
8
1
9
13
2
14
11
14
3
10
19
9
13
19
7
2
4
17
14
12
11
15
15
11
10
19
8
0
13
9
7
11
0
17
13
19
11
0
6
11
10
16
18
9
2
12
15
18
10
7
16
19
5
5
17
7
16
12
16
15
10
5
3
7
16
0
12
12
2
14
4
1
5
16
8
1
4
3
9
14
15
19
19
16
14
12
10
14
10
4
15
13
12
15
17
9
6
9
6
19
10
1
13
4
17
15
10
1
13
17
12
5
14
0
12
14
12
17
9
0
13
8
5
14
6
17
10
1
17
5
11
13
6
13
19
2
13
0
1
14
14
19
18
8
8
12
4
13
2
7
18
2
8
9
5
0
5
15
13
4
17
1
6
18
8
13
3
4
13
5
19
10
19
10
17
19
5
16
0
17
12
11
9
14
12
6
6
12
2
13
6
10
2
3
19
13
12
4
17
14
17
19
0
0
19
15
1
19
10
4
19
5
10
3
4
0
15
7
10
1
7
8
9
2
1
18
9
4
19
4
9
1
18
0
1
4
17
3
7
16
11
13
11
10
10
15
2
6
18
1
4
3
7
11
8
14
9
2
14
19
14
11
18
17
19
4
8
6
12
18
9
1
17
13
6
17
9
5
5
11
3
8
1
0
12
6
14
17
7
7
19
12
2
12
7
10
0
3
11
5
6
6
8
18
18
8
11
15
13
5
7
8
4
2
12
4
1
15
1
0
10
16
1
14
6
19
0
9
10
3
13
7
14
16
15
3
3
19
6
14
18
9
12
17
16
3
14
19
13
1
15
4
8
11
17
19
4
19
16
18
6
9
5
14
1
18
13
3
18
5
15
19
3
15
14
4
9
7
7
12
7
10
0
0
7
7
3
8
8
13
16
12
1
12
12
4
2
6
19
10
11
4
9
1
1
2
18
2
15
0
18
13
5
15
6
3
8
6
15
12
0
4
19
9
16
12
4
11
12
7
0
10
0
3
14
16
3
12
15
8
10
13
11
3
16
8
15
14
1
9
17
5
12
18
7
16
17
19
4
12
0
14
2
13
9
19
19
10
14
12
18
10
7
17
8
17
1
14
7
13
5
8
18
2
4
15
12
7
15
7
3
15
3
11
11
16
1
18
12
15
11
16
13
7
9
0
17
14
18
13
14
17
0
15
10
17
16
16
18
17
6
2
10
3
5
16
15
0
8
4
2
3
9
6
17
5
0
16
17
7
6
13
1
11
6
7
10
4
1
14
11
19
10
1
4
11
14
0
15
11
12
5
17
18
11
16
15
14
6
8
1
0
17
15
3
14
8
19
2
3
3
3
11
0
17
9
11
17
13
17
8
0
13
4
4
15
13
13
8
2
11
15
18
2
6
