40
35
43
48
3
51
13
4
58
53
83
27
38
6
64
1
17
73
29
56
66
27
37
1
0
66
18
81
54
29
75
8
1
50
63
52
78
0
52
28
25
54
36
15
16
60
39
43
90
17
36
8
7
26
2
76
2
5
25
42
48
0
13
94
7
30
75
59
18
22
27
1
44
70
76
79
85
43
11
2
9
76
5
80
76
88
25
39
32
63
25
72
40
37
15
15
52
49
37
2
4
61
66
15
3
1
64
70
2
1
56
87
58
50
4
93
42
91
38
31
50
26
83
86
12
44
6
22
78
58
33
86
26
19
17
22
18
31
72
54
59
45
11
90
55
97
6
91
36
57
21
9
35
15
11
55
1
57
76
55
77
3
96
36
19
18
60
16
81
36
45
1
37
52
24
44
17
10
94
85
19
17
72
70
67
54
17
45
29
17
83
11
21
7
75
76
47
14
0
20
20
85
3
61
69
15
69
2
8
30
87
1
22
84
20
48
29
80
0
13
43
31
32
76
19
66
9
0
83
44
36
84
76
63
13
91
14
7
12
1
5
53
11
52
86
33
25
53
56
22
11
38
51
28
77
46
30
19
15
0
49
11
36
5
61
59
45
38
13
71
11
73
80
31
31
59
89
7
41
32
55
16
28
41
13
6
60
45
3
4
39
95
18
77
35
5
47
8
57
53
45
32
90
76
36
27
43
80
13
31
0
49
66
38
42
51
7
14
9
57
77
57
60
19
94
0
40
5
12
26
93
4
81
50
82
68
93
26
80
97
34
49
6
94
39
50
55
13
50
11
29
8
12
87
23
69
23
39
88
32
23
7
24
16
33
34
33
74
3
19
16
9
75
47
40
11
97
61
37
84
51
90
4
10
26
28
24
70
44
4
43
5
38
73
43
21
43
41
29
9
33
46
18
64
28
20
27
27
0
49
72
42
32
14
92
97
96
26
79
12
40
95
71
13
39
81
13
80
42
16
6
42
18
52
68
64
78
65
39
93
96
91
61
1
6
45
27
8
6
27
97
18
21
92
17
78
96
53
40
23
18
66
59
44
4
63
87
74
0
0
5
57
15
84
39
12
46
57
81
23
37
41
2
45
25
91
28
47
19
4
45
32
80
2
48
15
82
29
25
8
82
90
54
68
47
89
18
23
26
23
95
87
97
54
72
3
85
10
17
18
79
87
79
19
26
25
80
95
58
44
93
95
11
28
2
6
36
4
66
29
10
26
32
2
84
80
0
48
13
67
2
31
82
93
93
61
68
22
83
48
96
38
8
70
62
9
43
47
63
49
9
6
64
36
59
7
84
78
15
12
97
28
91
68
13
78
40
35
8
46
65
20
9
25
53
20
17
89
37
8
16
85
38
23
19
63
58
79
24
7
86
48
28
77
1
53
90
60
7
8
3
25
22
24
8
84
2
1
75
31
10
2
85
48
39
3
24
59
2
73
8
92
37
97
31
16
82
8
55
64
12
44
65
21
14
6
48
29
50
24
74
9
5
3
96
84
3
28
19
68
38
42
10
35
92
56
7
11
64
28
9
55
75
60
6
42
37
15
31
65
78
11
13
34
58
41
90
51
52
34
47
16
64
27
20
50
60
51
64
34
27
10
67
53
94
85
20
52
59
69
92
79
29
15
95
70
88
96
76
68
56
26
61
12
57
17
61
91
85
1
55
91
1
3
90
22
66
25
35
33
12
75
16
81
18
24
44
9
79
23
69
55
16
28
63
37
34
26
9
32
19
15
29
72
10
74
12
67
5
89
58
60
14
10
71
91
96
7
39
96
22
76
35
23
78
97
43
4
38
3
46
32
41
73
62
86
22
88
67
12
22
30
32
82
68
71
16
0
63
22
77
84
70
30
51
1
67
73
94
94
61
23
13
20
41
87
73
29
84
95
44
19
82
76
29
60
11
36
70
76
65
24
50
41
25
94
86
27
48
92
73
51
56
21
5
62
79
31
69
22
7
34
49
16
80
34
33
14
74
47
33
14
94
94
93
21
83
18
88
12
71
65
39
82
0
5
82
14
8
65
31
76
1
5
45
72
9
10
71
58
7
66
75
69
8
23
9
18
92
15
20
40
62
76
28
17
86
50
89
16
3
58
94
67
79
87
49
71
32
7
53
37
76
54
1
17
65
14
78
67
76
32
24
86
2
27
69
90
11
2
3
3
12
17
46
25
89
47
42
47
52
42
34
46
59
1
85
54
12
79
14
23
21
76
27
0
95
5
6
32
49
56
22
33
5
88
96
88
77
6
