97
58
25
32
85
35
64
38
110
19
78
17
15
7
20
73
89
10
47
113
11
19
99
106
116
120
12
21
24
86
98
5
101
36
83
62
29
121
12
72
83
73
57
29
67
115
37
44
54
48
97
40
17
49
105
16
54
8
123
59
51
28
99
80
126
68
34
53
101
69
100
28
96
123
48
99
74
90
47
63
110
34
123
55
11
59
91
64
39
67
113
49
109
106
41
103
126
41
65
46
124
70
37
35
88
57
118
48
14
22
7
43
6
31
103
115
13
3
31
125
84
56
119
124
3
66
42
87
92
40
13
83
43
26
40
84
30
16
69
70
112
100
102
6
122
66
65
60
112
44
2
14
62
10
99
62
97
117
82
61
91
67
64
105
96
60
96
9
33
107
89
101
53
14
70
53
109
9
9
75
58
80
63
9
20
24
16
71
76
108
2
35
105
12
6
1
107
0
82
15
68
74
53
85
13
52
86
98
98
93
92
104
10
12
8
104
111
37
111
11
123
85
56
22
25
57
45
44
38
90
110
67
72
32
4
114
24
27
124
111
41
44
102
113
120
101
8
29
50
60
52
4
120
11
7
74
21
39
1
51
23
42
94
26
55
71
60
31
94
86
78
76
81
94
25
88
18
113
75
3
79
66
56
77
23
85
87
106
31
7
72
89
107
74
115
109
39
64
96
117
95
34
118
58
50
3
119
109
30
95
21
77
59
95
22
73
1
37
17
32
54
79
34
92
117
102
21
43
81
30
4
36
76
18
20
10
62
122
8
16
66
33
20
111
25
46
15
2
52
112
27
2
118
28
92
76
81
42
24
83
84
28
50
45
107
18
49
125
118
80
71
91
93
51
2
45
61
45
81
10
1
0
63
49
63
93
125
5
35
0
72
3
122
65
54
104
121
90
38
19
6
11
103
79
68
116
13
4
36
86
23
78
52
13
5
104
84
75
5
26
7
51
36
121
5
50
41
116
27
103
93
65
79
124
125
55
82
9
88
61
119
1
14
61
114
116
42
43
89
77
30
22
88
46
126
12
75
112
95
46
82
71
108
47
69
32
126
26
120
69
114
121
58
8
48
78
114
40
19
91
33
80
17
47
68
108
77
59
39
0
55
6
0
87
73
100
29
33
4
122
