38
25
0
28
29
38
0
5
15
9
11
15
2
9
40
16
49
29
12
7
11
44
13
26
34
37
27
13
33
44
3
33
19
36
47
48
21
15
6
23
43
16
3
7
4
28
27
35
40
37
32
7
8
40
46
27
18
22
25
21
5
48
15
48
12
41
19
47
23
4
48
1
17
45
16
37
18
22
21
7
6
4
15
6
13
29
0
2
8
3
45
9
41
44
5
15
1
34
25
6
8
27
49
33
48
41
28
12
0
32
3
3
18
46
22
12
30
5
33
29
18
26
9
15
18
32
14
26
13
17
24
35
43
10
22
20
2
42
10
8
1
16
17
19
24
29
3
45
14
0
17
4
11
46
9
10
40
39
0
48
13
2
40
46
6
12
46
22
42
3
9
16
35
45
11
10
46
26
23
48
40
34
10
40
25
34
49
25
22
12
44
0
47
26
10
6
47
1
14
15
29
46
21
17
9
11
31
41
18
43
29
6
7
24
40
3
35
9
39
9
26
45
42
5
8
48
6
42
43
30
30
30
28
15
21
13
22
44
40
22
4
28
46
46
14
11
36
21
49
32
37
43
24
28
8
41
46
33
31
34
21
2
5
5
23
18
5
6
35
36
32
37
4
41
44
45
20
44
48
14
36
6
47
38
8
9
30
23
30
5
18
36
47
29
34
33
3
16
38
1
49
7
16
1
31
10
21
8
31
35
17
24
4
7
20
41
7
14
0
14
47
20
24
11
38
2
1
1
11
43
27
2
34
9
1
30
48
19
5
43
34
27
15
49
42
27
23
32
20
16
2
2
42
20
1
25
39
3
33
47
16
36
11
39
22
30
35
31
32
17
35
9
24
0
13
35
29
30
13
42
0
35
3
42
25
33
40
17
7
12
33
15
28
19
16
3
6
20
38
38
1
18
7
43
0
18
5
36
42
26
22
49
20
23
31
47
39
8
26
40
20
32
1
21
24
19
30
7
37
32
2
4
31
39
25
39
33
40
13
38
26
38
48
12
5
16
34
42
36
1
37
27
10
34
39
22
46
14
24
14
0
12
11
11
19
8
2
7
23
2
38
21
4
39
23
37
10
28
37
0
27
31
45
44
8
19
19
26
42
17
43
4
24
25
27
35
37
44
2
6
