14
6
20
16
1
5
22
3
3
15
14
2
1
23
9
20
21
4
13
1
4
17
19
1
0
22
8
11
6
1
6
21
5
19
10
7
9
21
13
5
7
9
20
12
19
14
2
9
10
11
8
4
19
23
23
17
14
4
21
22
4
22
3
7
0
3
5
13
9
18
6
23
13
17
17
3
6
18
16
3
19
23
2
14
14
3
16
11
17
20
8
23
18
20
11
9
6
12
11
13
7
21
12
1
16
11
2
0
20
24
0
16
9
0
21
7
17
22
9
21
5
0
23
12
18
10
11
3
0
2
0
16
18
20
1
6
10
22
0
11
19
3
12
16
12
12
0
6
22
2
0
6
13
20
20
17
5
8
20
21
18
3
3
2
13
8
13
20
10
16
20
12
15
8
8
1
3
21
4
3
10
15
19
9
1
0
15
7
2
19
20
7
0
12
4
11
20
7
19
5
5
4
17
13
5
16
14
23
13
20
0
16
17
0
13
18
4
15
14
3
17
13
1
23
23
2
9
8
17
20
24
17
6
17
11
16
2
2
8
8
15
13
17
15
9
15
24
1
21
13
5
17
1
11
2
15
14
3
17
20
17
0
21
23
16
12
24
18
12
10
21
6
3
21
18
10
23
13
16
3
15
20
3
0
2
19
12
15
10
11
7
24
19
8
20
5
8
21
11
23
6
11
18
7
13
1
2
14
15
6
10
15
14
17
20
8
13
1
9
19
17
13
13
1
11
4
6
11
6
4
24
14
17
16
22
5
7
2
20
7
10
23
3
15
7
20
4
19
12
24
2
24
2
5
1
0
20
11
6
21
12
24
10
17
14
3
23
1
8
5
4
19
20
10
5
21
13
21
24
1
21
24
10
23
11
10
5
0
17
14
2
22
4
13
4
23
16
9
11
2
14
14
22
15
9
22
24
23
19
10
12
17
2
0
8
12
14
0
16
20
22
17
1
24
0
21
12
6
5
24
3
24
0
15
9
3
8
2
17
12
18
24
10
0
9
5
7
8
18
9
