0
4
7
18
2
23
2
3
2
18
18
5
22
21
21
10
2
17
21
6
24
24
16
10
14
22
21
12
13
12
22
10
4
11
6
6
12
6
13
6
20
0
15
2
12
24
20
14
24
4
6
23
8
14
14
15
19
4
15
3
6
22
15
22
20
9
23
3
8
24
21
18
8
10
13
8
3
14
13
20
18
13
21
19
7
8
12
23
3
4
21
18
7
23
21
13
2
8
21
7
10
15
20
6
20
17
23
21
12
15
17
16
5
13
1
4
17
10
2
9
18
1
15
22
3
10
6
15
12
16
8
24
3
17
9
19
4
9
21
8
17
2
5
18
6
24
16
9
7
7
20
9
19
7
16
6
2
6
17
9
0
2
17
17
24
12
17
0
12
17
7
16
8
5
16
17
17
7
19
8
9
1
17
13
9
0
16
4
22
5
22
15
9
21
18
19
19
22
9
16
17
11
20
15
6
24
17
21
20
22
5
20
15
6
2
13
18
4
12
0
24
5
3
18
8
17
2
17
6
9
4
9
10
24
22
22
6
24
7
12
15
8
7
0
11
21
7
21
11
12
0
6
1
2
11
12
5
2
1
3
13
24
20
17
17
13
15
17
23
13
6
18
8
11
1
15
21
18
4
14
15
7
12
11
12
5
6
17
20
21
1
24
21
5
8
2
21
12
9
1
15
12
6
2
7
0
3
22
4
10
23
16
3
9
12
13
18
15
23
0
24
0
11
16
2
20
17
19
11
2
14
8
5
11
23
22
19
13
1
14
1
18
3
7
6
9
10
13
14
0
10
19
14
5
3
1
13
11
23
5
2
2
3
4
0
2
13
1
23
1
6
21
12
14
7
8
19
19
18
1
5
14
4
10
23
6
23
21
23
4
4
1
14
1
12
11
5
16
18
19
19
19
20
9
14
22
11
11
5
3
10
5
21
5
19
14
16
24
10
18
0
24
24
13
5
9
15
0
11
14
18
23
9
14
1
17
4
16
13
20
24
13
4
18
4
6
13
11
9
15
