32
51
38
21
53
12
32
10
9
59
39
35
22
45
12
18
49
16
14
32
38
13
53
55
5
25
30
58
27
3
4
22
0
61
26
26
28
6
19
23
26
50
52
44
38
61
32
10
36
28
25
1
60
5
57
42
54
52
8
19
17
15
4
4
8
16
0
8
7
14
3
25
33
28
43
2
6
11
62
35
65
1
10
31
19
44
5
45
34
27
0
34
54
23
18
24
17
51
4
12
8
42
15
24
11
45
65
15
44
11
7
41
20
48
2
3
33
10
2
6
2
36
31
5
1
43
51
62
19
10
29
20
20
17
14
2
27
11
24
1
22
49
46
33
39
47
12
2
9
40
63
29
0
8
9
23
38
46
4
61
7
55
58
28
3
36
7
4
64
5
41
62
16
55
18
56
13
43
36
0
22
13
37
50
31
9
63
40
13
26
33
24
40
42
42
60
41
41
6
48
13
53
40
39
9
6
49
14
7
34
11
31
21
47
30
29
18
39
12
1
35
30
56
21
0
47
48
23
14
37
16
37
65
1
46
50
25
17
37
34
15
29
20
35
27
57
21
59
52
3
