53
31
24
12
23
5
7
18
50
43
22
38
54
43
9
32
21
33
7
5
16
1
8
48
4
21
64
60
22
11
3
45
12
45
58
16
28
21
13
4
58
10
63
49
47
25
36
8
40
12
33
66
63
26
57
37
18
61
2
56
19
38
2
25
50
57
0
62
20
7
11
15
22
30
30
2
19
37
48
28
24
34
26
20
33
46
27
64
36
56
10
29
50
39
65
42
29
31
2
17
31
34
54
4
0
35
23
32
59
0
4
9
52
41
13
11
40
14
13
19
43
0
20
26
15
32
58
48
56
41
29
6
12
5
7
13
10
34
42
6
0
39
44
0
5
61
24
2
38
52
59
64
17
62
11
6
24
16
25
3
15
49
60
35
1
55
32
25
9
19
55
27
37
59
45
65
1
42
44
3
17
8
10
9
14
34
26
35
11
33
16
51
52
61
66
39
14
51
36
65
1
31
52
13
27
9
57
53
15
12
10
3
28
37
8
23
15
29
18
51
4
22
40
46
17
1
64
43
7
23
27
14
47
5
54
53
21
30
44
41
14
20
17
55
49
46
30
66
28
3
